0.098731 82
16.583009 2
0.004486 1
0.000160 10
0.790506 12
0.342885 4
0.171064 4
0.696409 11
0.972849 65
0.144748 254
0.067785 51
1.592401 12
0.000013 21
1.554358 12
0.001904 21
1.015166 12
0.000257 21
0.614886 12
0.000907 21
2.690932 12
0.158963 61
0.350982 254
0.003818 80
0.405532 412
0.000020 38
1.156144 76
1.300351 73
0.134165 68
0.477584 73
0.003507 33
0.001307 38
0.342314 38
0.164507 56
1.457784 58
0.324984 32
0.672796 78
0.614164 133
93.164253 162
2.457702 76
0.872414 74
0.901871 84
1.282698 44
1.819350 68
25.394509 39
0.165531 52
0.054695 106
4.631112 137
0.201613 86
2.695820 44
1.433759 549
0.038422 50
1.206921 252
0.053345 74
0.078055 310
0.177035 35
0.123986 34
0.137859 30
0.000419 6
0.118512 23
0.000301 2
0.000968 4
0.293334 87
0.157672 89
0.171835 87
0.168888 90
0.185054 90
0.504204 118
1.644818 39
0.126747 52
0.035101 106
2.105667 70
4.302477 30
0.944735 62
0.742048 35
0.007800 56
0.233904 454
0.288063 236
0.079096 8
0.000025 74
4.485229 1
0.111300 1
0.223654 1
0.475271 1
0.110540 1
1.429625 1
0.442369 1
0.686985 1
0.455486 1
0.169247 1
0.261511 1
0.576437 11
2.914915 69
1.148496 1
0.411191 1
0.074392 1
0.371113 1
0.164159 1
0.279407 1
0.295784 1
0.713110 2
0.165660 63
9.587660 2
0.006644 18
0.437097 2
0.002432 88
0.833216 19
0.325008 19
0.358993 4
0.139684 4
0.565243 2
0.077309 624
10.555558 27
0.377096 26
0.373188 4
0.135443 4
0.649756 2
0.020769 499
11.769352 30
0.583879 82
0.307147 4
0.130636 4
0.779614 2
0.013000 4095
0.002337 583
99.840375 25
0.988151 2
0.652499 116
9.465361 40
0.629301 2
0.074002 55
5.743944 47
1.149849 2
0.077452 55
8.590726 50
0.635577 2
0.021320 55
5.988994 17
0.726750 2
0.003307 614
9.424646 24
0.515344 2
0.007303 489
20.579270 27
0.348961 2
0.006617 4095
0.000463 568
14.412306 58
0.588677 2
0.406809 103
0.783313 94
0.204191 95
0.107414 92
0.088458 105
0.169287 91
0.093155 98
0.434134 94
0.117305 95
0.007146 92
0.007972 105
0.006843 91
0.005339 98
0.251642 32
0.019094 39
0.064464 32
2.378253 31
1.593799 36
0.962225 30
0.196025 44
0.005432 52
0.003647 33
0.169243 42
1.614992 24
13.242457 31
0.331919 44
0.007012 34
0.004159 53
0.297444 32
0.024996 34
0.094014 40
0.061904 36
0.010437 38
0.164713 49
0.708531 42
0.091661 39
0.094972 35
1.249070 36
0.023516 32
0.292123 34
0.131034 36
0.153251 32
0.451317 60
0.704917 65
0.089469 43
1.818901 47
0.087052 27
2.244136 32
0.008533 25
1.066632 30
0.019508 56
0.170875 46
0.013164 47
0.067741 29
5.980374 34
5.140975 92
0.415717 55
9.033546 38
0.952122 2
0.066850 28
0.035390 27
16.271620 39
0.721100 2
0.050787 185
14.947145 213
1.784791 57
2.070082 201
1.593692 254
1.687628 201
0.534963 407
0.969789 2
0.003720 245
19.921999 52
1.154854 2
0.003574 188
10.056518 46
0.529727 2
17.225496 344
3.095176 2
2.193638 55
3.546212 46
0.409358 142
0.582180 126
1.758926 2
0.006641 298
13.158769 47
0.793163 2
0.012355 541
10.927792 12
0.579917 2
0.338348 31
1.234532 94
0.127963 95
0.021270 92
0.057751 105
0.130824 91
0.030027 98
0.382657 94
0.134901 95
0.022842 92
0.064139 196
0.043727 98
0.364705 32
0.097370 71
0.090480 32
2.604531 31
1.347213 36
0.924701 30
0.157217 44
0.007250 52
0.049878 33
0.356801 42
2.242256 24
15.519541 31
0.225598 44
0.005470 34
0.005183 53
0.221039 32
0.074544 34
0.072338 40
0.080087 36
0.097400 38
0.077997 49
0.682763 42
0.071406 39
0.053496 35
0.769850 36
0.008883 32
0.197939 34
0.165211 36
0.158958 32
0.364052 60
0.606711 65
0.116907 43
1.316435 47
0.116798 27
0.040288 32
0.075158 25
0.554515 30
0.049842 56
0.155836 46
0.029053 47
0.106369 29
6.502620 34
5.578792 92
0.491063 55
1.737988 55
1.702106 2
0.777084 23
0.208118 55
10.080202 6
0.845909 2
1.189082 49
0.018856 82
2.542629 1
0.136090 1
0.385480 1
0.103521 1
1.063130 17
